K=2
------------------------------------------------------------------------
cid  Size  ISim  ISdev   ESim  ESdev  |
------------------------------------------------------------------------
  0     8 +0.180 +0.013 +0.026 +0.011 |
  1     8 +0.145 +0.007 +0.026 +0.012 |
------------------------------------------------------------------------

K=3
------------------------------------------------------------------------
cid  Size  ISim  ISdev   ESim  ESdev  |
------------------------------------------------------------------------
  0     6 +0.234 +0.011 +0.031 +0.010 |
  1     5 +0.225 +0.011 +0.026 +0.013 |
  2     5 +0.220 +0.010 +0.024 +0.007 |
------------------------------------------------------------------------

K=4
------------------------------------------------------------------------
cid  Size  ISim  ISdev   ESim  ESdev  |
------------------------------------------------------------------------
  0     4 +0.316 +0.013 +0.038 +0.015 |
  1     4 +0.306 +0.001 +0.031 +0.014 |
  2     4 +0.278 +0.008 +0.024 +0.006 |
  3     4 +0.268 +0.004 +0.022 +0.015 |
------------------------------------------------------------------------

K=5
------------------------------------------------------------------------
cid  Size  ISim  ISdev   ESim  ESdev  |
------------------------------------------------------------------------
  0     3 +0.398 +0.013 +0.038 +0.015 |
  1     3 +0.374 +0.019 +0.026 +0.006 |
  2     3 +0.367 +0.005 +0.023 +0.007 |
  3     3 +0.349 +0.004 +0.020 +0.016 |
  4     4 +0.309 +0.019 +0.035 +0.010 |
------------------------------------------------------------------------

K=6
------------------------------------------------------------------------
cid  Size  ISim  ISdev   ESim  ESdev  |
------------------------------------------------------------------------
  0     2 +0.556 +0.000 +0.026 +0.011 |
  1     2 +0.522 +0.000 +0.029 +0.005 |
  2     3 +0.410 +0.014 +0.039 +0.008 |
  3     3 +0.398 +0.013 +0.038 +0.015 |
  4     3 +0.365 +0.003 +0.025 +0.010 |
  5     3 +0.345 +0.003 +0.017 +0.011 |
------------------------------------------------------------------------

K=7
------------------------------------------------------------------------
cid  Size  ISim  ISdev   ESim  ESdev  |
------------------------------------------------------------------------
  0     2 +0.556 +0.000 +0.026 +0.011 |
  1     2 +0.528 +0.000 +0.021 +0.002 |
  2     2 +0.519 +0.000 +0.024 +0.018 |
  3     2 +0.513 +0.000 +0.019 +0.013 |
  4     2 +0.522 +0.000 +0.029 +0.005 |
  5     3 +0.410 +0.014 +0.039 +0.008 |
  6     3 +0.398 +0.013 +0.038 +0.015 |
------------------------------------------------------------------------

K=8
------------------------------------------------------------------------
cid  Size  ISim  ISdev   ESim  ESdev  |
------------------------------------------------------------------------
  0     2 +0.556 +0.000 +0.026 +0.011 |
  1     2 +0.567 +0.000 +0.041 +0.022 |
  2     2 +0.557 +0.000 +0.042 +0.004 |
  3     2 +0.528 +0.000 +0.021 +0.002 |
  4     2 +0.519 +0.000 +0.024 +0.018 |
  5     2 +0.513 +0.000 +0.019 +0.013 |
  6     2 +0.522 +0.000 +0.029 +0.005 |
  7     2 +0.531 +0.000 +0.048 +0.009 |
------------------------------------------------------------------------

K=9
------------------------------------------------------------------------
cid  Size  ISim  ISdev   ESim  ESdev  |
------------------------------------------------------------------------
  0     1 +1.000 +0.000 +0.042 +0.000 |
  1     1 +1.000 +0.000 +0.055 +0.000 |
  2     2 +0.556 +0.000 +0.026 +0.011 |
  3     2 +0.567 +0.000 +0.041 +0.022 |
  4     2 +0.557 +0.000 +0.042 +0.004 |
  5     2 +0.528 +0.000 +0.021 +0.002 |
  6     2 +0.519 +0.000 +0.024 +0.018 |
  7     2 +0.513 +0.000 +0.019 +0.013 |
  8     2 +0.522 +0.000 +0.029 +0.005 |
------------------------------------------------------------------------

K=10
------------------------------------------------------------------------
cid  Size  ISim  ISdev   ESim  ESdev  |
------------------------------------------------------------------------
  0     1 +1.000 +0.000 +0.028 +0.000 |
  1     1 +1.000 +0.000 +0.033 +0.000 |
  2     1 +1.000 +0.000 +0.042 +0.000 |
  3     1 +1.000 +0.000 +0.055 +0.000 |
  4     2 +0.556 +0.000 +0.026 +0.011 |
  5     2 +0.567 +0.000 +0.041 +0.022 |
  6     2 +0.557 +0.000 +0.042 +0.004 |
  7     2 +0.528 +0.000 +0.021 +0.002 |
  8     2 +0.519 +0.000 +0.024 +0.018 |
  9     2 +0.513 +0.000 +0.019 +0.013 |
------------------------------------------------------------------------

K=11
------------------------------------------------------------------------
cid  Size  ISim  ISdev   ESim  ESdev  |
------------------------------------------------------------------------
  0     1 +1.000 +0.000 +0.013 +0.000 |
  1     1 +1.000 +0.000 +0.028 +0.000 |
  2     1 +1.000 +0.000 +0.033 +0.000 |
  3     1 +1.000 +0.000 +0.037 +0.000 |
  4     1 +1.000 +0.000 +0.042 +0.000 |
  5     1 +1.000 +0.000 +0.055 +0.000 |
  6     2 +0.556 +0.000 +0.026 +0.011 |
  7     2 +0.567 +0.000 +0.041 +0.022 |
  8     2 +0.557 +0.000 +0.042 +0.004 |
  9     2 +0.528 +0.000 +0.021 +0.002 |
 10     2 +0.513 +0.000 +0.019 +0.013 |
------------------------------------------------------------------------

K=12
12-way clustering: [H2=4.90e-01] [16 of 16]
------------------------------------------------------------------------
cid  Size  ISim  ISdev   ESim  ESdev  |
------------------------------------------------------------------------
  0     1 +1.000 +0.000 +0.013 +0.000 |
  1     1 +1.000 +0.000 +0.028 +0.000 |
  2     1 +1.000 +0.000 +0.033 +0.000 |
  3     1 +1.000 +0.000 +0.037 +0.000 |
  4     1 +1.000 +0.000 +0.042 +0.000 |
  5     1 +1.000 +0.000 +0.045 +0.000 |
  6     1 +1.000 +0.000 +0.049 +0.000 |
  7     1 +1.000 +0.000 +0.055 +0.000 |
  8     2 +0.556 +0.000 +0.026 +0.011 |
  9     2 +0.567 +0.000 +0.041 +0.022 |
 10     2 +0.528 +0.000 +0.021 +0.002 |
 11     2 +0.513 +0.000 +0.019 +0.013 |
------------------------------------------------------------------------

K=13
cid  Size  ISim  ISdev   ESim  ESdev  |
------------------------------------------------------------------------
  0     1 +1.000 +0.000 +0.010 +0.000 |
  1     1 +1.000 +0.000 +0.013 +0.000 |
  2     1 +1.000 +0.000 +0.028 +0.000 |
  3     1 +1.000 +0.000 +0.028 +0.000 |
  4     1 +1.000 +0.000 +0.033 +0.000 |
  5     1 +1.000 +0.000 +0.037 +0.000 |
  6     1 +1.000 +0.000 +0.042 +0.000 |
  7     1 +1.000 +0.000 +0.045 +0.000 |
  8     1 +1.000 +0.000 +0.049 +0.000 |
  9     1 +1.000 +0.000 +0.055 +0.000 |
 10     2 +0.556 +0.000 +0.026 +0.011 |
 11     2 +0.567 +0.000 +0.041 +0.022 |
 12     2 +0.528 +0.000 +0.021 +0.002 |
------------------------------------------------------------------------

